0 0 0 0 0 0 0 0 0 0 0 0 0 0 0 0 0 0 0
0 0 0 0 0 0 0 0 0 0 0 0 0 0 0 0 0 0 0
0 0 0 0 0 0 0 0 0 0 0 0 0 0 0 0 0 0 0
0 0 0 0 0 0 0 0 0 0 0 0 0 0 0 0 0 0 0
0 0 0 0 0 0 0 0 0 0 0 0 0 0 0 0 0 0 0
0 0 0 0 0 0 0 0 0 0 0 0 0 0 0 0 0 0 0
0 0 0 0 0 0 0 0 0 0 0 0 0 0 0 0 0 0 0
0 0 0 0 0 0 0 0 0 0 0 0 0 0 0 0 0 0 0
0 0 0 0 0 0 0 0 0 0 0 0 0 0 0 0 0 0 0
0 0 0 0 0 0 0 0 0 0 0 0 0 0 0 0 0 0 0
0 0 0 0 0 0 0 0 0 0 0 0 0 0 0 0 0 0 0
0 0 0 0 0 0 0 0 0 0 0 0 0 0 0 0 0 0 0
0 0 0 0 0 0 0 0 0 0 0 0 0 0 0 0 0 0 0
0 0 0 0 0 0 0 0 0 0 0 0 0 0 0 0 0 0 0
0 0 0 0 0 0 0 0 0 0 0 0 0 0 0 0 0 0 0
0 0 0 0 0 0 0 0 0 0 0 0 0 0 0 0 0 0 0
0 0 0 0 0 0 0 0 0 0 0 0 0 0 0 0 0 0 0
0 0 0 0 0 0 0 0 0 0 0 0 0 0 0 0 0 0 0
0 0 0 0 0 0 0 0 0 0 0 0 0 0 0 0 0 0 0
Player 1's turn
Enter row (0-18): Enter col (0-18): Player 1 made a move at (9, 9) and captured 0 stones.
Best possible moves for Player 1: [(9, 10), (8, 8), (10, 8), (8, 10), (10, 10), (8, 9), (9, 8), (10, 9)]
0 0 0 0 0 0 0 0 0 0 0 0 0 0 0 0 0 0 0
0 0 0 0 0 0 0 0 0 0 0 0 0 0 0 0 0 0 0
0 0 0 0 0 0 0 0 0 0 0 0 0 0 0 0 0 0 0
0 0 0 0 0 0 0 0 0 0 0 0 0 0 0 0 0 0 0
0 0 0 0 0 0 0 0 0 0 0 0 0 0 0 0 0 0 0
0 0 0 0 0 0 0 0 0 0 0 0 0 0 0 0 0 0 0
0 0 0 0 0 0 0 0 0 0 0 0 0 0 0 0 0 0 0
0 0 0 0 0 0 0 0 0 0 0 0 0 0 0 0 0 0 0
0 0 0 0 0 0 0 0 0 0 0 0 0 0 0 0 0 0 0
0 0 0 0 0 0 0 0 0 1 0 0 0 0 0 0 0 0 0
0 0 0 0 0 0 0 0 0 0 0 0 0 0 0 0 0 0 0
0 0 0 0 0 0 0 0 0 0 0 0 0 0 0 0 0 0 0
0 0 0 0 0 0 0 0 0 0 0 0 0 0 0 0 0 0 0
0 0 0 0 0 0 0 0 0 0 0 0 0 0 0 0 0 0 0
0 0 0 0 0 0 0 0 0 0 0 0 0 0 0 0 0 0 0
0 0 0 0 0 0 0 0 0 0 0 0 0 0 0 0 0 0 0
0 0 0 0 0 0 0 0 0 0 0 0 0 0 0 0 0 0 0
0 0 0 0 0 0 0 0 0 0 0 0 0 0 0 0 0 0 0
0 0 0 0 0 0 0 0 0 0 0 0 0 0 0 0 0 0 0
Player 2's turn
(9, 10)
(8, 8)
(10, 11)
(10, 8)
(8, 10)
(10, 10)
(8, 9)
(9, 8)
(10, 9)
(9, 11)
(8, 11)
(8, 8)
(9, 10)
(7, 7)
(10, 8)
(9, 10)
(8, 8)
(11, 7)
(8, 10)
(9, 10)
(8, 8)
(10, 8)
(10, 10)
(9, 10)
(8, 8)
(8, 9)
(9, 10)
(8, 8)
(10, 8)
(9, 8)
(9, 10)
(10, 9)
(9, 10)
(8, 8)
(11, 10)
Player 2 made a move at (9, 10) and captured 0 stones.
0 0 0 0 0 0 0 0 0 0 0 0 0 0 0 0 0 0 0
0 0 0 0 0 0 0 0 0 0 0 0 0 0 0 0 0 0 0
0 0 0 0 0 0 0 0 0 0 0 0 0 0 0 0 0 0 0
0 0 0 0 0 0 0 0 0 0 0 0 0 0 0 0 0 0 0
0 0 0 0 0 0 0 0 0 0 0 0 0 0 0 0 0 0 0
0 0 0 0 0 0 0 0 0 0 0 0 0 0 0 0 0 0 0
0 0 0 0 0 0 0 0 0 0 0 0 0 0 0 0 0 0 0
0 0 0 0 0 0 0 0 0 0 0 0 0 0 0 0 0 0 0
0 0 0 0 0 0 0 0 0 0 0 0 0 0 0 0 0 0 0
0 0 0 0 0 0 0 0 0 1 2 0 0 0 0 0 0 0 0
0 0 0 0 0 0 0 0 0 0 0 0 0 0 0 0 0 0 0
0 0 0 0 0 0 0 0 0 0 0 0 0 0 0 0 0 0 0
0 0 0 0 0 0 0 0 0 0 0 0 0 0 0 0 0 0 0
0 0 0 0 0 0 0 0 0 0 0 0 0 0 0 0 0 0 0
0 0 0 0 0 0 0 0 0 0 0 0 0 0 0 0 0 0 0
0 0 0 0 0 0 0 0 0 0 0 0 0 0 0 0 0 0 0
0 0 0 0 0 0 0 0 0 0 0 0 0 0 0 0 0 0 0
0 0 0 0 0 0 0 0 0 0 0 0 0 0 0 0 0 0 0
0 0 0 0 0 0 0 0 0 0 0 0 0 0 0 0 0 0 0
Player 2's turn
Enter row (0-18): Enter col (0-18): Player 2 made a move at (3, 3) and captured 0 stones.
Best possible moves for Player 2: [(4, 4), (8, 8), (2, 4), (10, 11), (3, 4), (10, 8), (4, 3), (8, 10), (4, 2), (2, 3), (10, 10), (8, 9), (9, 8), (2, 2), (10, 9), (9, 11), (3, 2), (8, 11)]
0 0 0 0 0 0 0 0 0 0 0 0 0 0 0 0 0 0 0
0 0 0 0 0 0 0 0 0 0 0 0 0 0 0 0 0 0 0
0 0 0 0 0 0 0 0 0 0 0 0 0 0 0 0 0 0 0
0 0 0 2 0 0 0 0 0 0 0 0 0 0 0 0 0 0 0
0 0 0 0 0 0 0 0 0 0 0 0 0 0 0 0 0 0 0
0 0 0 0 0 0 0 0 0 0 0 0 0 0 0 0 0 0 0
0 0 0 0 0 0 0 0 0 0 0 0 0 0 0 0 0 0 0
0 0 0 0 0 0 0 0 0 0 0 0 0 0 0 0 0 0 0
0 0 0 0 0 0 0 0 0 0 0 0 0 0 0 0 0 0 0
0 0 0 0 0 0 0 0 0 1 2 0 0 0 0 0 0 0 0
0 0 0 0 0 0 0 0 0 0 0 0 0 0 0 0 0 0 0
0 0 0 0 0 0 0 0 0 0 0 0 0 0 0 0 0 0 0
0 0 0 0 0 0 0 0 0 0 0 0 0 0 0 0 0 0 0
0 0 0 0 0 0 0 0 0 0 0 0 0 0 0 0 0 0 0
0 0 0 0 0 0 0 0 0 0 0 0 0 0 0 0 0 0 0
0 0 0 0 0 0 0 0 0 0 0 0 0 0 0 0 0 0 0
0 0 0 0 0 0 0 0 0 0 0 0 0 0 0 0 0 0 0
0 0 0 0 0 0 0 0 0 0 0 0 0 0 0 0 0 0 0
0 0 0 0 0 0 0 0 0 0 0 0 0 0 0 0 0 0 0
Player 1's turn
(4, 4)
(3, 4)
(4, 3)
(5, 4)
(8, 9)
(9, 8)
(2, 2)
(10, 9)
(9, 11)
(4, 2)
(4, 5)
(5, 3)
(8, 11)
(8, 8)
(2, 4)
(10, 11)
(10, 8)
(3, 2)
(3, 5)
(5, 5)
(8, 10)
(2, 3)
(10, 10)
(8, 8)
(3, 4)
(4, 3)
(8, 9)
(9, 8)
(2, 2)
(10, 9)
(9, 11)
(7, 7)
(2, 4)
(3, 4)
(10, 11)
(3, 4)
(3, 4)
(4, 3)
(10, 8)
(3, 4)
(4, 3)
(3, 4)
(8, 10)
(3, 4)
(4, 2)
(3, 4)
(2, 3)
(3, 4)
(10, 10)
(3, 4)
(4, 3)
(8, 9)
(9, 8)
(2, 2)
(10, 9)
(9, 11)
(11, 11)
(8, 9)
(3, 4)
(4, 3)
(9, 8)
(2, 2)
(10, 9)
(9, 8)
(3, 4)
(2, 2)
(3, 4)
(10, 9)
(3, 4)
(4, 3)
(8, 9)
(9, 11)
(3, 4)
(3, 2)
(3, 4)
(8, 11)
(3, 4)
Player 1 made a move at (4, 4) and captured 0 stones.
0 0 0 0 0 0 0 0 0 0 0 0 0 0 0 0 0 0 0
0 0 0 0 0 0 0 0 0 0 0 0 0 0 0 0 0 0 0
0 0 0 0 0 0 0 0 0 0 0 0 0 0 0 0 0 0 0
0 0 0 2 0 0 0 0 0 0 0 0 0 0 0 0 0 0 0
0 0 0 0 1 0 0 0 0 0 0 0 0 0 0 0 0 0 0
0 0 0 0 0 0 0 0 0 0 0 0 0 0 0 0 0 0 0
0 0 0 0 0 0 0 0 0 0 0 0 0 0 0 0 0 0 0
0 0 0 0 0 0 0 0 0 0 0 0 0 0 0 0 0 0 0
0 0 0 0 0 0 0 0 0 0 0 0 0 0 0 0 0 0 0
0 0 0 0 0 0 0 0 0 1 2 0 0 0 0 0 0 0 0
0 0 0 0 0 0 0 0 0 0 0 0 0 0 0 0 0 0 0
0 0 0 0 0 0 0 0 0 0 0 0 0 0 0 0 0 0 0
0 0 0 0 0 0 0 0 0 0 0 0 0 0 0 0 0 0 0
0 0 0 0 0 0 0 0 0 0 0 0 0 0 0 0 0 0 0
0 0 0 0 0 0 0 0 0 0 0 0 0 0 0 0 0 0 0
0 0 0 0 0 0 0 0 0 0 0 0 0 0 0 0 0 0 0
0 0 0 0 0 0 0 0 0 0 0 0 0 0 0 0 0 0 0
0 0 0 0 0 0 0 0 0 0 0 0 0 0 0 0 0 0 0
0 0 0 0 0 0 0 0 0 0 0 0 0 0 0 0 0 0 0
Player 1's turn
Enter row (0-18): Enter col (0-18): Player 1 made a move at (10, 9) and captured 0 stones.
Best possible moves for Player 1: [(3, 4), (4, 3), (5, 4), (9, 8), (2, 2), (9, 11), (11, 8), (4, 2), (4, 5), (5, 3), (8, 11), (8, 8), (2, 4), (10, 11), (11, 10), (10, 8), (3, 2), (3, 5), (5, 5), (8, 10), (2, 3), (10, 10)]
0 0 0 0 0 0 0 0 0 0 0 0 0 0 0 0 0 0 0
0 0 0 0 0 0 0 0 0 0 0 0 0 0 0 0 0 0 0
0 0 0 0 0 0 0 0 0 0 0 0 0 0 0 0 0 0 0
0 0 0 2 0 0 0 0 0 0 0 0 0 0 0 0 0 0 0
0 0 0 0 1 0 0 0 0 0 0 0 0 0 0 0 0 0 0
0 0 0 0 0 0 0 0 0 0 0 0 0 0 0 0 0 0 0
0 0 0 0 0 0 0 0 0 0 0 0 0 0 0 0 0 0 0
0 0 0 0 0 0 0 0 0 0 0 0 0 0 0 0 0 0 0
0 0 0 0 0 0 0 0 0 0 0 0 0 0 0 0 0 0 0
0 0 0 0 0 0 0 0 0 1 2 0 0 0 0 0 0 0 0
0 0 0 0 0 0 0 0 0 1 0 0 0 0 0 0 0 0 0
0 0 0 0 0 0 0 0 0 0 0 0 0 0 0 0 0 0 0
0 0 0 0 0 0 0 0 0 0 0 0 0 0 0 0 0 0 0
0 0 0 0 0 0 0 0 0 0 0 0 0 0 0 0 0 0 0
0 0 0 0 0 0 0 0 0 0 0 0 0 0 0 0 0 0 0
0 0 0 0 0 0 0 0 0 0 0 0 0 0 0 0 0 0 0
0 0 0 0 0 0 0 0 0 0 0 0 0 0 0 0 0 0 0
0 0 0 0 0 0 0 0 0 0 0 0 0 0 0 0 0 0 0
0 0 0 0 0 0 0 0 0 0 0 0 0 0 0 0 0 0 0
Player 2's turn
(3, 4)
(4, 3)
(5, 4)
(9, 8)
(2, 2)
(9, 11)
(11, 8)
(2, 5)
(4, 2)
(4, 5)
(5, 3)
(8, 11)
(8, 8)
(2, 4)
(10, 11)
(11, 10)
(10, 8)
(3, 2)
(3, 5)
(5, 5)
(8, 10)
(2, 3)
(10, 10)
(4, 3)
(3, 4)
(5, 4)
(9, 8)
(2, 2)
(5, 4)
(3, 4)
(8, 9)
(3, 4)
(9, 8)
(3, 4)
(4, 3)
(5, 4)
(2, 2)
(2, 2)
(3, 4)
(4, 3)
(3, 1)
(9, 11)
(3, 4)
(4, 3)
(5, 4)
(9, 8)
(2, 2)
(11, 8)
(12, 7)
(4, 2)
(3, 4)
(4, 3)
(4, 5)
(3, 4)
(4, 3)
(5, 3)
(3, 4)
(4, 3)
(5, 4)
(9, 8)
(2, 2)
(8, 11)
(3, 4)
(4, 3)
(5, 4)
(9, 8)
(8, 12)
(8, 8)
(3, 4)
(4, 3)
(5, 4)
(9, 8)
(2, 2)
(2, 4)
(3, 4)
(10, 11)
(3, 4)
(4, 3)
(5, 4)
(9, 8)
(2, 2)
(11, 10)
(3, 4)
(4, 3)
(12, 10)
(10, 8)
(3, 4)
(4, 3)
(5, 4)
(9, 8)
(2, 2)
(3, 2)
(3, 4)
(4, 3)
(3, 1)
(3, 5)
(3, 4)
(4, 3)
(5, 4)
(4, 6)
(9, 8)
(2, 2)
(5, 5)
(3, 4)
(4, 3)
(5, 4)
(4, 6)
(9, 8)
(2, 2)
(8, 10)
(3, 4)
(4, 3)
(5, 4)
(9, 8)
(2, 2)
(11, 9)
(3, 4)
(2, 3)
(3, 4)
(4, 3)
(5, 4)
(9, 8)
(2, 2)
(10, 10)
(3, 4)
(4, 3)
(5, 4)
(9, 8)
(2, 2)
Player 2 made a move at (3, 4) and captured 0 stones.
0 0 0 0 0 0 0 0 0 0 0 0 0 0 0 0 0 0 0
0 0 0 0 0 0 0 0 0 0 0 0 0 0 0 0 0 0 0
0 0 0 0 0 0 0 0 0 0 0 0 0 0 0 0 0 0 0
0 0 0 2 2 0 0 0 0 0 0 0 0 0 0 0 0 0 0
0 0 0 0 1 0 0 0 0 0 0 0 0 0 0 0 0 0 0
0 0 0 0 0 0 0 0 0 0 0 0 0 0 0 0 0 0 0
0 0 0 0 0 0 0 0 0 0 0 0 0 0 0 0 0 0 0
0 0 0 0 0 0 0 0 0 0 0 0 0 0 0 0 0 0 0
0 0 0 0 0 0 0 0 0 0 0 0 0 0 0 0 0 0 0
0 0 0 0 0 0 0 0 0 1 2 0 0 0 0 0 0 0 0
0 0 0 0 0 0 0 0 0 1 0 0 0 0 0 0 0 0 0
0 0 0 0 0 0 0 0 0 0 0 0 0 0 0 0 0 0 0
0 0 0 0 0 0 0 0 0 0 0 0 0 0 0 0 0 0 0
0 0 0 0 0 0 0 0 0 0 0 0 0 0 0 0 0 0 0
0 0 0 0 0 0 0 0 0 0 0 0 0 0 0 0 0 0 0
0 0 0 0 0 0 0 0 0 0 0 0 0 0 0 0 0 0 0
0 0 0 0 0 0 0 0 0 0 0 0 0 0 0 0 0 0 0
0 0 0 0 0 0 0 0 0 0 0 0 0 0 0 0 0 0 0
0 0 0 0 0 0 0 0 0 0 0 0 0 0 0 0 0 0 0
Player 2's turn
Enter row (0-18): 